-1.65022057113
-0.277936301078
-0.598433314113
1.71236930785
0.578257401873
2.80831391749
0.692775435467
-0.124147109274
0.824017585965
1.21121592485
-2.82314323899
-1.09165838454
0.892498466495
-0.0313886615698
0.727483841747
0.0412761047621
-1.43337881706
-1.38787259291
-0.583289188511
-0.353876157064
0.418413651465
-0.183950402981
0.763869142256
0.537985535787
-0.553554134272
1.86543210919
2.02415942411
0.561838213205
-0.919725283001
0.621868305191
0.0510642052795
-1.327275794
-0.506806303405
-0.903553607176
-0.50399821879
-0.833765628092
0.702467129256
0.728703703348
-1.99579642353
0.926974970486
0.747140043915
1.8502747998
-0.138339873367
-1.20396097349
-1.24688039842
-1.30127237512
1.22411828321
0.500742294647
0.471059151782
0.0716943421883
0.0270295464529
0.438566568151
-0.947368489974
1.24480825385
1.19867310307
0.424478929812
0.169603149381
-0.552415056408
-1.24896626202
0.929581442126
-0.221871298323
-0.285025090229
0.442069001034
0.141693464315
-0.809422700922
-0.446786606771
-1.47055341026
-0.419810097593
-0.750380113427
0.395881598774
-0.380968952245
1.35758933822
-0.298974825203
-0.00931865276308
0.318017271622
0.813325002803
-1.55413226376
-0.222846617625
-1.08097475377
0.564201728302
-0.757395559768
-2.44836659402
-1.2943295785
-0.143164113556
0.076246635098
-0.20957431988
-0.895366540043
1.3557487521
0.313606691119
1.80058804686
-0.62221607614
-0.00549227838533
0.872775404866
1.15487034545
-2.289916778
0.878722910206
0.382156736294
0.155435986392
1.05036537325
-1.29596278439
0.032510516539
-1.05963396833
1.15532673902
-0.0198417970434
0.315920391543
1.00404056835
1.72393851769
-0.330768518203
-1.14140018467
-0.771756363655
0.845713286588
-1.62486012418
-0.942396241353
-0.280666852787
1.02859425359
1.27218871497
-2.42259100932
-0.207383721768
1.24038457357
1.14504614133
-1.13889006046
0.904160887485
1.1354805338
0.2545987561
-1.45373635869
-0.960942589579
1.39252542894
0.0682682042149
0.445681595772
-1.62797937754
-2.66799235462
-0.668231725206
0.706271794282
-0.106441373288
-0.000341869208968
-0.140617583506
0.211157670796
0.279914627353
0.90543591818
-1.34657841952
0.0571932646803
-0.490581067873
-0.310157317714
0.728184877008
0.411606024056
-0.21088645741
1.6072510131
0.0690151128587
0.401304534875
0.333937642338
1.16448245674
0.511129601612
-1.32386727959
0.57836368794
0.103511752329
0.903098112481
-0.531739581148
-1.13426645381
-0.197931090128
-1.77658026015
-0.304224644427
-1.03479806298
-0.12135721798
-1.5464295731
-0.25973331879
0.335685684669
0.177757675511
-1.05061582763
1.30707301656
0.625322055923
-1.07401286918
0.988508916476
-2.0113420571
0.802278579098
-0.161348372838
0.687654822106
1.7793158383
-0.0827841318901
-1.51376378566
-0.486202471896
0.200090262804
-0.437250848718
0.366571325579
-1.476601251
1.15611451273
-0.322068855375
0.801912866837
1.15299934794
-1.74248415101
0.860246574515
-0.459401006059
0.598229704736
-0.192349258369
0.255868510977
-0.935049298001
-0.198494997719
-0.708495862519
0.490298786615
0.0925095427814
-2.05437063457
-0.13737005974
-0.798456795161
0.0537655715433
0.189007861767
-0.418863230578
3.37420497117
1.37703649436
-1.5606600462
-0.862985562997
-0.724294871102
-0.845462944331
-0.290381326609
1.05055944064
-0.0118837765378
-0.117220657969
-1.13985500795
-0.0457368002682
-1.56948724509
1.16625967777
0.00880187068421
-1.21330205791
0.724833161428
0.435320362981
1.55232383149
-0.555857348928
1.66089653835
-0.827043513689
-1.85056084277
-0.172312092033
-1.09822539553
-0.0562778251676
-1.13054403788
0.734132183671
-1.73020986556
-1.54091473781
-2.42835764521
0.798990136647
-0.871149763394
0.0065778248982
0.414208775693
-1.54814642408
-0.371613367967
0.83375098203
-0.210315898175
0.691651685386
-1.58896545456
-0.686573533167
-0.895295320177
-1.81444611353
-0.617476775567
1.13249887518
0.301612067758
-0.455295775505
0.583010926773
-0.78432854274
0.917870988705
-0.391662106137
2.43978766561
0.37424129224
1.77299756845
1.15296173972
-0.220319453246
-1.58384944081
0.25395693178
0.486456374032
-1.43631072048
0.942426610551
0.18147156688
1.17703892434
0.625574572833
0.618073948326
-0.0109266645379
0.395471148286
-1.03781513481
-0.99652434609
0.766152657614
-0.0217253105344
-0.220110434935
1.85258138235
0.592198116269
0.963884814831
-0.244858330076
1.71237179225
-0.477494901373
1.1535918088
1.94551041379
1.39432237046
-0.995057617182
0.393875480759
-0.849224898247
0.416350138806
0.120598191312
0.316125311958
-0.0826758202903
0.839224244516
-0.306203859848
-0.30199965971
-0.518816723615
0.981157999353
-0.401351997717
1.43307229729
-0.440047340062
2.27860067853
0.0193963223532
-0.0420832302706
0.722997191612
-1.01191781782
-0.595158658105
-1.09468604549
0.716602079988
-0.577665263875
1.70136507871
0.0570302291036
0.63610476007
0.816243351862
-0.97003733137
0.800835940034
2.22819978912
1.05833104539
0.723831307632
0.0632624338547
0.424147356859
-0.646858819488
-0.398291290882
-0.865201126673
-1.32234938222
0.749295825017
1.43774164146
-1.72655290659
-0.324110242363
1.11370493509
-0.0976010507763
-1.08504140568
-0.547163439855
-0.0303318494038
-0.6227771834
0.215479226045
0.152106100501
-0.274486262612
2.02274430517
0.711276574418
-1.73426452114
-0.296132936028
-1.67042283272
0.740346545628
-0.590778631181
1.5175516239
0.379786445729
-0.677004260941
0.854579626238
1.67247803206
0.344741557684
-1.05875273329
-2.28148634098
-0.804041804358
-0.91137068569
0.850222750469
0.351433018604
-0.998412669545
-1.6761292822
-1.34328033038
0.140633338222
0.435198446059
-1.01492754571
1.09925710411
0.48259993315
-0.119922786593
-0.599288095373
1.17026484382
-0.572058226012
0.314402784188
-0.415575601226
0.776728420592
0.256575630174
0.0388152702999
-1.51273894758
0.107002692121
0.766024479173
0.0449746574668
-0.28512930441
-2.67641500335
-0.306562601906
-0.382197789839
0.0743601781691
1.11130666073
0.214314703472
0.677455557517
-1.67559566803
-1.45084162629
0.470107903857
-0.81382515377
-0.499355186959
0.668627261247
1.4053430938
-0.407859057923
0.365233186022
0.5010414353
1.44575200545
0.0918330329834
0.401389852197
-0.184864541687
-2.14356813785
-0.478466262707
1.26515186856
-0.280243310107
-1.28208339812
-0.476724521634
0.0369160044025
0.75260208018
1.10685263134
1.10120959541
-0.113235047456
1.54601060496
-1.70043566696
0.677944089365
0.72683492621
1.11952225297
-0.802684097844
0.973792759573
-0.235826782628
0.236961375096
-0.314705827096
0.20441091315
1.15443810746
0.211212070832
-0.287875204382
0.768005428681
-1.74778184649
0.640328170518
0.339934936521
0.146634126604
-0.465663413134
1.20577294817
-0.694714566292
0.76750223003
-1.68876208663
-0.26715285554
2.92994868591
0.637767709269
0.795430855256
0.413227730761
-0.08566259804
1.55824066816
1.31018547736
0.47320067459
0.454990976902
0.913314653935
-0.469750962259
-0.384173052947
0.875497073084
-0.267852334355
-0.683039060131
-1.12737261847
-1.86067117051
1.07260873922
0.141936683071
0.372918737652
1.24413733342
0.563864626865
0.328142476791
2.43063296888
0.70295960662
-0.177923555283
-0.106712943189
-0.764735128615
-0.0757407907835
1.01347443035
2.35156097512
1.46316001448
-0.081283230774
0.163646196567
-0.0576526424834
-1.92842031493
0.450683399278
0.141596778666
-0.0883933422669
-0.966604854449
0.781754342078
0.163211921496
0.276282297673
-0.218582588136
-2.13464589374
-0.0997552422523
-0.494291060733
-1.17831378008
-0.138419743491
-0.118776815211
0.86572311972
1.04318867072
-0.546337966556
1.92552539458
0.422241338042
-0.0467889492192
0.559467715765
-0.920501869132
0.55230660656
-0.431838647612
0.279968885132
0.205367100488
-1.16924724689
0.0636727842373
0.740572909709
-0.104624980711
-0.0813260917746
0.398603795174
-1.07058047004
1.45214202868
-0.138508895271
0.712850178767
-0.815897140339
2.07758723205
-0.287007204014